0 0.171938 0.770927 0.110344 0.316549
0 0.094852 0.586796 0.070266 0.184718
0 0.504844 0.650493 0.088000 0.207418
0 0.601664 0.538498 0.055828 0.125822
0 0.690305 0.514847 0.040453 0.096690
0 0.406578 0.554190 0.050531 0.150681
0 0.766492 0.463662 0.024922 0.056150
0 0.466742 0.483721 0.033109 0.078803
0 0.331453 0.527418 0.053469 0.132911
0 0.655477 0.503803 0.038078 0.085493
0 0.554977 0.487007 0.034578 0.075329
0 0.630883 0.473486 0.026203 0.066925
0 0.577383 0.500117 0.023984 0.069155
0 0.709258 0.501279 0.012766 0.076737
0 0.793750 0.454225 0.018750 0.039906
