0 0.300586 0.608187 0.074922 0.139500
0 0.605703 0.818667 0.198094 0.333125
0 0.419984 0.692990 0.104250 0.196229
0 0.876766 0.822281 0.143656 0.240604
0 0.852984 0.693927 0.122219 0.127604
0 0.762523 0.621760 0.096359 0.121854
0 0.199617 0.641437 0.091078 0.197875
0 0.071836 0.519802 0.032078 0.072813
0 0.018219 0.525677 0.025000 0.065937
0 0.026227 0.630469 0.052453 0.099812
0 0.348016 0.576771 0.038594 0.106667
0 0.581156 0.618042 0.107500 0.140208
0 0.135742 0.531260 0.021484 0.039062
0 0.504687 0.311458 0.987500 0.618750
