0 0.572359 0.605059 0.158375 0.218267
0 0.867016 0.271909 0.083375 0.102787
0 0.320453 0.596300 0.134750 0.201967
0 0.392813 0.501593 0.075219 0.198642
0 0.102969 0.575749 0.098750 0.177354
0 0.203633 0.465386 0.098953 0.196674
0 0.079484 0.403302 0.109563 0.171522
0 0.259703 0.388888 0.067500 0.141335
0 0.352820 0.368653 0.087359 0.144333
0 0.846141 0.784063 0.234969 0.263115
0 0.813781 0.969789 0.119219 0.060422
0 0.981617 0.951171 0.036766 0.095925
0 0.466203 0.361276 0.082063 0.110375
0 0.614844 0.298595 0.682813 0.227166
