0 0.310344 0.791961 0.090844 0.158188
0 0.619867 0.806330 0.083047 0.134404
0 0.437992 0.767362 0.086078 0.143899
0 0.575289 0.779885 0.027922 0.112064
0 0.549180 0.766399 0.031203 0.123257
0 0.040258 0.747500 0.058391 0.104037
0 0.800406 0.754530 0.041406 0.093142
0 0.866844 0.762351 0.051406 0.101950
0 0.681250 0.765172 0.027563 0.114610
0 0.515102 0.715700 0.030703 0.110894
0 0.229570 0.901445 0.101828 0.171468
0 0.733805 0.745894 0.036609 0.100688
0 0.479906 0.760367 0.027062 0.104771
0 0.119531 0.762615 0.032813 0.107798
