0 0.887055 0.622066 0.225891 0.232817
0 0.516156 0.580141 0.071531 0.110516
0 0.679945 0.546127 0.065953 0.134131
0 0.784023 0.605775 0.073578 0.142441
0 0.012164 0.524648 0.024328 0.062113
0 0.030359 0.511913 0.041656 0.077488
0 0.066078 0.511573 0.057813 0.066009
0 0.095445 0.512840 0.026328 0.051174
0 0.637000 0.522923 0.047531 0.093028
0 0.630500 0.512829 0.040719 0.080493
0 0.184086 0.504155 0.052547 0.058779
0 0.655359 0.537700 0.045125 0.102864
0 0.815891 0.568756 0.174594 0.167042
0 0.445312 0.546948 0.706250 0.239437
