0 0.332398 0.373841 0.089859 0.149321
0 0.854750 0.333290 0.060688 0.126019
0 0.793398 0.325867 0.066797 0.107143
0 0.742602 0.329438 0.067609 0.074754
0 0.693555 0.317939 0.053984 0.078782
0 0.664648 0.309696 0.044391 0.073489
0 0.138687 0.335960 0.064469 0.146066
0 0.640672 0.316850 0.028719 0.045363
0 0.225336 0.293197 0.028641 0.054122
0 0.603297 0.880703 0.049938 0.087447
0 0.690805 0.802998 0.029016 0.049508
0 0.828906 0.891979 0.046125 0.094543
0 0.786328 0.798607 0.022937 0.047190
0 0.612500 0.343091 0.725000 0.161593
