0 0.096664 0.657298 0.122109 0.204493
0 0.284266 0.593654 0.037719 0.100849
0 0.527797 0.575652 0.052250 0.133251
0 0.420047 0.593458 0.039563 0.124017
0 0.247094 0.572919 0.046781 0.121822
0 0.488039 0.546563 0.027359 0.097391
0 0.318266 0.602712 0.056531 0.138178
0 0.390648 0.592681 0.027297 0.104948
0 0.508992 0.562774 0.012172 0.058178
0 0.597625 0.557867 0.035094 0.101159
0 0.736992 0.574731 0.051922 0.154058
0 0.647250 0.590663 0.051906 0.132588
0 0.787742 0.574865 0.047828 0.113251
0 0.530469 0.552795 0.389062 0.149068
