0 0.192688 0.770583 0.077781 0.050167
0 0.379453 0.551781 0.020719 0.025062
0 0.660719 0.683177 0.050156 0.046771
0 0.553063 0.692104 0.060344 0.045750
0 0.500297 0.671531 0.042625 0.042229
0 0.892477 0.896667 0.058016 0.112167
0 0.419961 0.716760 0.055859 0.026604
0 0.339078 0.744521 0.067719 0.057125
0 0.831336 0.660333 0.050359 0.035750
0 0.280945 0.765458 0.068922 0.061792
0 0.302555 0.710063 0.027922 0.036625
0 0.203695 0.800021 0.073922 0.035458
0 0.048914 0.769760 0.059922 0.058771
0 0.515625 0.520833 0.037500 0.033333
