0 0.746727 0.713302 0.022797 0.046687
0 0.121664 0.667927 0.038547 0.027229
0 0.235664 0.654260 0.011672 0.026562
0 0.222133 0.651354 0.019047 0.035208
0 0.205203 0.647240 0.020969 0.035604
0 0.449734 0.673562 0.011125 0.023250
0 0.636398 0.954615 0.053703 0.072021
0 0.372766 0.683937 0.018812 0.023542
0 0.386813 0.668229 0.018594 0.017208
0 0.470062 0.661448 0.008625 0.018312
0 0.461422 0.654271 0.007562 0.019750
0 0.573930 0.646573 0.005266 0.009229
0 0.185805 0.649781 0.022422 0.032604
0 0.143750 0.640625 0.062500 0.043750
