0 0.156680 0.598876 0.313359 0.779766
0 0.878836 0.482927 0.091016 0.166042
0 0.626805 0.459052 0.060266 0.107330
0 0.559617 0.458314 0.042234 0.088103
0 0.537438 0.453279 0.041344 0.083466
0 0.804766 0.474473 0.073813 0.148197
0 0.698031 0.468138 0.065187 0.124848
0 0.617719 0.456276 0.058313 0.087400
0 0.589508 0.457728 0.048172 0.094988
0 0.662984 0.461159 0.056375 0.118431
0 0.674805 0.473372 0.037578 0.098689
0 0.832422 0.508232 0.055437 0.096932
0 0.415039 0.454941 0.012797 0.036019
0 0.585156 0.463700 0.420312 0.140515
