0 0.204391 0.668917 0.273656 0.299542
0 0.386656 0.794021 0.248469 0.383750
0 0.429344 0.677667 0.269563 0.189875
0 0.389031 0.533354 0.091281 0.117958
0 0.925844 0.486385 0.148313 0.197146
0 0.975312 0.531000 0.049375 0.157000
0 0.747234 0.455250 0.135719 0.160250
0 0.140023 0.573125 0.151016 0.276208
0 0.621953 0.414438 0.141781 0.169875
0 0.584789 0.814958 0.330547 0.350667
0 0.749070 0.855552 0.501859 0.288896
0 0.589234 0.360802 0.051156 0.065437
0 0.866133 0.456135 0.154078 0.223312
0 0.486719 0.654167 0.970313 0.687500
