0 0.567695 0.782370 0.275953 0.229929
0 0.441336 0.757936 0.058203 0.148514
0 0.400914 0.732075 0.138859 0.168726
0 0.767406 0.675366 0.087844 0.056722
0 0.182867 0.834068 0.365734 0.308986
0 0.965531 0.660507 0.055063 0.076910
0 0.713656 0.648408 0.086906 0.099269
0 0.694484 0.619458 0.023531 0.035189
0 0.305461 0.667040 0.067641 0.117712
0 0.427766 0.604646 0.031031 0.036038
0 0.870039 0.644835 0.047703 0.068679
0 0.649250 0.653101 0.046469 0.059127
0 0.553609 0.568962 0.020531 0.040189
0 0.657813 0.603774 0.675000 0.183962
