0 0.508609 0.730583 0.034719 0.066625
0 0.347531 0.703458 0.057688 0.084333
0 0.061773 0.774698 0.122547 0.188646
0 0.450148 0.700958 0.052578 0.099083
0 0.643836 0.844062 0.237734 0.149042
0 0.853203 0.891271 0.291344 0.213000
0 0.790391 0.795823 0.106250 0.100979
0 0.960281 0.754167 0.079438 0.126875
0 0.772594 0.865375 0.176719 0.125542
0 0.944016 0.931740 0.111969 0.136521
0 0.298961 0.788573 0.119953 0.162479
0 0.560297 0.689417 0.025969 0.056125
0 0.622023 0.656010 0.020266 0.041771
0 0.480469 0.697917 0.560937 0.179167
