0 0.111211 0.726491 0.215828 0.522277
0 0.302031 0.573967 0.061562 0.213333
0 0.212000 0.565505 0.048938 0.114812
0 0.241445 0.508545 0.036047 0.101643
0 0.746625 0.496725 0.068187 0.101995
0 0.939555 0.540998 0.120891 0.165235
0 0.649758 0.442594 0.012422 0.041526
0 0.417977 0.762160 0.158828 0.472488
0 0.344109 0.509495 0.042188 0.101009
0 0.326219 0.794554 0.260313 0.324272
0 0.698602 0.443239 0.033891 0.053944
0 0.354078 0.444085 0.017813 0.043146
0 0.322484 0.460317 0.042594 0.031526
0 0.499219 0.481221 0.998437 0.183099
