0 0.850398 0.552531 0.299203 0.268896
0 0.748266 0.619354 0.438469 0.287792
0 0.579633 0.496292 0.088891 0.123458
0 0.356117 0.463760 0.094328 0.150521
0 0.286617 0.535125 0.082547 0.140500
0 0.657406 0.744448 0.670375 0.511104
0 0.677383 0.467760 0.091047 0.099979
0 0.460602 0.521719 0.139266 0.170604
0 0.794195 0.419219 0.031453 0.065729
0 0.895172 0.460396 0.093625 0.062167
0 0.762242 0.583438 0.249891 0.214958
0 0.902937 0.521000 0.192969 0.133792
0 0.222633 0.618844 0.179766 0.204979
0 0.499219 0.678125 0.998437 0.639583
