0 0.661016 0.348314 0.125063 0.211250
0 0.524500 0.628019 0.368781 0.365802
0 0.795914 0.300790 0.222859 0.251486
0 0.430219 0.788892 0.857156 0.397547
0 0.567031 0.346061 0.128875 0.185943
0 0.688633 0.244552 0.063328 0.053821
0 0.462633 0.272276 0.065766 0.111344
0 0.374508 0.183644 0.037828 0.044741
0 0.357688 0.273868 0.068125 0.145613
0 0.217563 0.577771 0.435125 0.395071
0 0.917945 0.758019 0.164109 0.449387
0 0.909109 0.441946 0.181781 0.217099
0 0.541086 0.231616 0.059547 0.060071
0 0.500000 0.564858 0.996875 0.865566
