0 0.091850 0.751693 0.183700 0.474160
0 0.949110 0.419653 0.044380 0.121760
0 0.263610 0.564347 0.196780 0.289600
0 0.268130 0.392520 0.134100 0.115760
0 0.172200 0.744360 0.128160 0.400240
0 0.130640 0.489267 0.163920 0.145360
0 0.156100 0.411173 0.104000 0.101653
0 0.398550 0.398080 0.059700 0.070293
0 0.423550 0.350080 0.056100 0.098613
0 0.839270 0.347453 0.025180 0.063280
0 0.561120 0.382973 0.149560 0.067280
0 0.792220 0.352747 0.032520 0.081920
0 0.352520 0.416347 0.103120 0.125067
0 0.472000 0.393333 0.944000 0.296000
