0 0.311102 0.735761 0.044484 0.093443
0 0.237023 0.629461 0.026109 0.058689
0 0.646688 0.646382 0.034875 0.054215
0 0.211188 0.681850 0.031500 0.062951
0 0.258172 0.604977 0.015156 0.028970
0 0.135203 0.587810 0.009938 0.022740
0 0.552812 0.622658 0.035031 0.050984
0 0.163187 0.614977 0.017938 0.036042
0 0.614531 0.625808 0.051719 0.071054
0 0.914820 0.676522 0.061203 0.118103
0 0.960703 0.682342 0.039531 0.090211
0 0.533719 0.611792 0.023875 0.059321
0 0.115859 0.569508 0.005906 0.013583
0 0.525000 0.511710 0.946875 0.456674
