0 0.837812 0.657313 0.103688 0.276402
0 0.624477 0.796308 0.177922 0.351636
0 0.083234 0.640245 0.037156 0.118201
0 0.757594 0.606822 0.072594 0.160561
0 0.560055 0.565117 0.053672 0.107009
0 0.970109 0.601484 0.059781 0.146051
0 0.302180 0.846916 0.254297 0.286402
0 0.917742 0.639977 0.056609 0.193925
0 0.142539 0.734112 0.173047 0.392617
0 0.505805 0.639486 0.132016 0.260467
0 0.265586 0.616379 0.084359 0.168178
0 0.037820 0.655491 0.075641 0.215421
0 0.660180 0.543750 0.102547 0.124042
0 0.424219 0.545561 0.823438 0.142523
