0 0.287060 0.511060 0.044200 0.043910
0 0.355090 0.401433 0.040740 0.054985
0 0.802990 0.565239 0.047460 0.055493
0 0.779800 0.542925 0.036960 0.044955
0 0.732450 0.476896 0.040940 0.043104
0 0.162440 0.710463 0.045400 0.060687
0 0.185420 0.653821 0.050280 0.065612
0 0.557880 0.555090 0.022480 0.046478
0 0.622730 0.477522 0.023180 0.059045
0 0.763570 0.514030 0.041140 0.053970
0 0.541940 0.500537 0.024680 0.041194
0 0.382500 0.545269 0.017800 0.049761
0 0.361660 0.506463 0.015480 0.057582
0 0.534000 0.604478 0.928000 0.516418
