0 0.353437 0.463928 0.107031 0.164457
0 0.870008 0.430641 0.042328 0.100613
0 0.830469 0.432786 0.058219 0.104513
0 0.790945 0.432479 0.037734 0.112145
0 0.750813 0.435251 0.055625 0.112396
0 0.410820 0.459429 0.064734 0.152451
0 0.622820 0.473802 0.029297 0.048997
0 0.582172 0.453454 0.050281 0.105292
0 0.537305 0.443900 0.042172 0.124791
0 0.077336 0.492883 0.154672 0.217354
0 0.437141 0.458788 0.054781 0.145766
0 0.282320 0.472981 0.040641 0.173928
0 0.461008 0.457702 0.050203 0.126045
0 0.790625 0.424791 0.265625 0.119777
