0 0.414359 0.794948 0.195375 0.410104
0 0.553125 0.784833 0.212625 0.430333
0 0.899000 0.745854 0.202000 0.377583
0 0.054023 0.589073 0.102609 0.141313
0 0.062578 0.471042 0.067281 0.096792
0 0.369391 0.549010 0.088375 0.139771
0 0.504742 0.526979 0.109109 0.188583
0 0.608406 0.546271 0.157688 0.244250
0 0.702664 0.772281 0.235766 0.423271
0 0.677805 0.449490 0.084641 0.123604
0 0.251328 0.644406 0.118000 0.305896
0 0.154141 0.613125 0.137625 0.210958
0 0.097406 0.771427 0.194812 0.457146
0 0.545312 0.609375 0.906250 0.693750
