0 0.433984 0.684271 0.170219 0.510125
0 0.876766 0.746302 0.146844 0.460771
0 0.313602 0.718927 0.145328 0.468312
0 0.760688 0.660625 0.161281 0.455958
0 0.352141 0.305302 0.124906 0.408729
0 0.477953 0.288812 0.133563 0.396667
0 0.551758 0.321698 0.105391 0.409562
0 0.204016 0.675177 0.128250 0.494812
0 0.582906 0.724396 0.132125 0.525917
0 0.714055 0.312479 0.110766 0.339375
0 0.622727 0.324135 0.071891 0.414521
0 0.180195 0.305198 0.130516 0.412979
0 0.044789 0.692781 0.089578 0.562188
0 0.503125 0.473958 0.990625 0.739583
