0 0.249078 0.660585 0.498156 0.534379
0 0.724875 0.837096 0.550250 0.325808
0 0.718695 0.427143 0.179734 0.166511
0 0.224148 0.925843 0.448297 0.148314
0 0.298203 0.541956 0.436906 0.358946
0 0.362625 0.530925 0.355812 0.188501
0 0.355422 0.401499 0.290063 0.222155
0 0.782602 0.521499 0.256672 0.122763
0 0.739891 0.465995 0.045937 0.034426
0 0.557484 0.338712 0.069312 0.102014
0 0.399352 0.408326 0.257984 0.136464
0 0.395609 0.356054 0.029625 0.080398
0 0.533813 0.814766 0.182625 0.340960
0 0.556250 0.576112 0.750000 0.674473
