0 0.658938 0.688759 0.280375 0.285386
0 0.372859 0.626768 0.171875 0.152506
0 0.900398 0.581311 0.058578 0.071429
0 0.855344 0.570117 0.070156 0.067822
0 0.825539 0.568852 0.036859 0.049274
0 0.985086 0.603302 0.029828 0.077237
0 0.953852 0.575515 0.082703 0.102459
0 0.803117 0.557295 0.043516 0.058150
0 0.772352 0.565843 0.018703 0.038478
0 0.014586 0.556019 0.029172 0.039016
0 0.467883 0.579660 0.104078 0.127705
0 0.183383 0.597061 0.125453 0.100445
0 0.339828 0.591276 0.118562 0.168642
0 0.164062 0.591335 0.281250 0.156909
