0 0.168922 0.555552 0.212000 0.267854
0 0.290258 0.527865 0.098359 0.210396
0 0.345461 0.496531 0.110141 0.170812
0 0.813203 0.578646 0.271344 0.361792
0 0.647859 0.502052 0.146000 0.159438
0 0.082586 0.678646 0.158422 0.395500
0 0.570258 0.424104 0.065703 0.062875
0 0.387992 0.466948 0.064891 0.131396
0 0.412023 0.450760 0.047047 0.097687
0 0.446680 0.427552 0.042578 0.062563
0 0.614227 0.453375 0.124203 0.123292
0 0.427500 0.440875 0.047188 0.067083
0 0.456672 0.419740 0.027031 0.044479
0 0.319531 0.420833 0.485938 0.075000
