0 0.240820 0.714609 0.461452 0.543813
0 0.668407 0.864977 0.489368 0.270047
0 0.718384 0.549914 0.563232 0.331922
0 0.761979 0.343266 0.476042 0.133781
0 0.709391 0.287227 0.397892 0.110703
0 0.734520 0.614625 0.530960 0.195719
0 0.631780 0.203453 0.172178 0.043812
0 0.572002 0.175563 0.081944 0.029156
0 0.286136 0.278766 0.388993 0.109906
0 0.763407 0.393562 0.473185 0.096531
0 0.679672 0.218508 0.289789 0.060422
0 0.688770 0.249930 0.337963 0.040422
0 0.196499 0.509133 0.392998 0.373484
0 0.298595 0.334375 0.592506 0.415625
