0 0.201859 0.811944 0.372906 0.376111
0 0.919055 0.758575 0.161891 0.329420
0 0.912211 0.589396 0.175578 0.280193
0 0.904016 0.415954 0.191969 0.171280
0 0.890750 0.420833 0.061844 0.065918
0 0.463352 0.363659 0.060547 0.111812
0 0.488234 0.343623 0.059281 0.093575
0 0.505062 0.336727 0.063125 0.091957
0 0.968750 0.371486 0.062500 0.070556
0 0.216266 0.315737 0.017750 0.073019
0 0.929406 0.303333 0.055500 0.070821
0 0.509164 0.267234 0.038172 0.044275
0 0.939164 0.397331 0.121672 0.079251
0 0.504687 0.638889 0.987500 0.717391
