0 0.772008 0.677390 0.038484 0.071232
0 0.751172 0.657453 0.019312 0.048392
0 0.870859 0.742975 0.089031 0.222401
0 0.243641 0.818852 0.210562 0.194530
0 0.336773 0.705000 0.099797 0.090292
0 0.156445 0.671180 0.079641 0.059228
0 0.659367 0.634280 0.042016 0.023883
0 0.577516 0.634384 0.040781 0.029896
0 0.925086 0.655230 0.045828 0.047370
0 0.023547 0.671576 0.014563 0.045031
0 0.967812 0.618779 0.020469 0.028163
0 0.543758 0.633205 0.036984 0.032088
0 0.512789 0.628215 0.013203 0.029624
0 0.499219 0.643006 0.998437 0.091858
