0 0.114008 0.650867 0.051766 0.065902
0 0.044594 0.648220 0.055688 0.088993
0 0.537414 0.579859 0.013141 0.027588
0 0.580719 0.577237 0.010844 0.027073
0 0.568781 0.567026 0.009344 0.017658
0 0.932039 0.607939 0.060047 0.109789
0 0.605797 0.579508 0.010500 0.029087
0 0.965836 0.594543 0.068328 0.206370
0 0.271047 0.607213 0.020906 0.043888
0 0.592250 0.578080 0.009781 0.028899
0 0.901383 0.601253 0.045797 0.105738
0 0.662445 0.568712 0.008453 0.021218
0 0.621117 0.579918 0.014297 0.034918
0 0.582812 0.569087 0.143750 0.042155
