0 0.637094 0.743920 0.030937 0.107465
0 0.521359 0.852019 0.056250 0.145305
0 0.791172 0.865681 0.064094 0.194085
0 0.106578 0.777113 0.070094 0.125305
0 0.869922 0.864202 0.067656 0.136150
0 0.436047 0.754155 0.049250 0.111737
0 0.192000 0.783697 0.058969 0.137723
0 0.047586 0.763580 0.069641 0.138005
0 0.105688 0.416491 0.029406 0.043075
0 0.962523 0.886772 0.074953 0.155282
0 0.695516 0.742700 0.047188 0.116995
0 0.870031 0.661397 0.034250 0.095986
0 0.810125 0.656303 0.026781 0.041291
0 0.500000 0.477700 0.996875 0.772300
