0 0.791717 0.772398 0.091555 0.108422
0 0.494095 0.909102 0.117332 0.095984
0 0.488944 0.742812 0.090325 0.088969
0 0.427390 0.700773 0.079791 0.070703
0 0.727204 0.600734 0.064292 0.063094
0 0.330800 0.913367 0.117610 0.146047
0 0.475661 0.439969 0.044687 0.028187
0 0.547912 0.943758 0.110116 0.084391
0 0.385916 0.819531 0.092111 0.103563
0 0.830673 0.627281 0.068631 0.074156
0 0.378503 0.669937 0.066427 0.070156
0 0.341172 0.630312 0.057749 0.066687
0 0.449234 0.600437 0.074014 0.072156
0 0.480278 0.684375 0.408353 0.268750
