0 0.787750 0.720573 0.424500 0.447438
0 0.093336 0.640354 0.183297 0.538125
0 0.247164 0.297333 0.165453 0.257375
0 0.086539 0.361500 0.144141 0.293667
0 0.770648 0.261448 0.128578 0.082812
0 0.399281 0.412219 0.141000 0.274146
0 0.545906 0.319333 0.124031 0.262750
0 0.760133 0.487615 0.479734 0.509021
0 0.493141 0.247854 0.047906 0.127708
0 0.045312 0.430208 0.090281 0.246375
0 0.116805 0.304427 0.230797 0.314188
0 0.352375 0.272271 0.145750 0.202542
0 0.415031 0.255135 0.146812 0.140063
0 0.653125 0.190625 0.300000 0.068750
