0 0.111930 0.678671 0.157641 0.461106
0 0.642656 0.562553 0.072063 0.135553
0 0.448539 0.545035 0.062984 0.099247
0 0.486547 0.529835 0.027062 0.057600
0 0.142234 0.510188 0.043562 0.035341
0 0.162250 0.502565 0.020344 0.047576
0 0.559109 0.521953 0.046031 0.065694
0 0.895000 0.633247 0.210000 0.428565
0 0.366766 0.572165 0.074219 0.183953
0 0.683539 0.524565 0.013172 0.033976
0 0.247117 0.522106 0.058234 0.033953
0 0.755695 0.528188 0.019109 0.026306
0 0.498734 0.519682 0.020906 0.059553
0 0.572656 0.627059 0.542188 0.261176
