0 0.742898 0.838196 0.375172 0.296627
0 0.948117 0.635955 0.103766 0.283137
0 0.410875 0.807241 0.140313 0.147972
0 0.178594 0.754127 0.357187 0.429528
0 0.057000 0.589776 0.114000 0.126910
0 0.608555 0.586097 0.114484 0.156627
0 0.749859 0.609917 0.175937 0.137901
0 0.874023 0.623667 0.094047 0.152948
0 0.673523 0.559705 0.042484 0.077995
0 0.108070 0.651792 0.079078 0.069387
0 0.102156 0.599976 0.069781 0.099292
0 0.353266 0.800035 0.587375 0.399929
0 0.253125 0.553078 0.094969 0.107288
0 0.435156 0.669811 0.857812 0.377358
