0 0.539633 0.620302 0.324391 0.238729
0 0.746680 0.507135 0.051047 0.081021
0 0.625492 0.445281 0.045641 0.034312
0 0.253789 0.442302 0.060453 0.071729
0 0.736758 0.528542 0.025328 0.064083
0 0.766766 0.483875 0.062437 0.092292
0 0.293180 0.442552 0.045422 0.065313
0 0.192641 0.453937 0.065906 0.058375
0 0.046914 0.448094 0.088578 0.100729
0 0.588859 0.508583 0.052750 0.109708
0 0.813563 0.477812 0.058250 0.059542
0 0.330844 0.443250 0.045687 0.065917
0 0.509414 0.501146 0.022672 0.070333
0 0.339062 0.448958 0.371875 0.081250
