0 0.632281 0.793070 0.137479 0.321391
0 0.426979 0.810375 0.222458 0.301281
0 0.248448 0.809367 0.229188 0.256484
0 0.874844 0.804766 0.249021 0.315437
0 0.139500 0.715539 0.138750 0.142422
0 0.542042 0.691289 0.071417 0.213984
0 0.703385 0.652492 0.041396 0.098297
0 0.265365 0.659945 0.146771 0.110953
0 0.654552 0.660914 0.089354 0.086953
0 0.961469 0.698930 0.076896 0.123234
0 0.380604 0.580758 0.025167 0.019328
0 0.255781 0.597977 0.031146 0.043828
0 0.051323 0.782023 0.102646 0.242859
0 0.500000 0.668750 0.995833 0.243750
