0 0.343969 0.568541 0.258156 0.647200
0 0.474234 0.377024 0.097969 0.233341
0 0.840266 0.263365 0.067406 0.225553
0 0.531680 0.293753 0.158391 0.293435
0 0.743625 0.285976 0.077563 0.247671
0 0.268687 0.608000 0.314063 0.627153
0 0.362789 0.426376 0.249078 0.461082
0 0.490922 0.301082 0.189406 0.310824
0 0.579000 0.242694 0.053719 0.089906
0 0.189141 0.650506 0.378281 0.698988
0 0.792055 0.293129 0.069141 0.206212
0 0.763391 0.184435 0.019938 0.030047
0 0.275266 0.658471 0.264937 0.650259
0 0.657813 0.432941 0.681250 0.578824
