0 0.901010 0.762203 0.058813 0.055656
0 0.753885 0.721867 0.047271 0.058859
0 0.683792 0.724672 0.054042 0.046125
0 0.486396 0.681023 0.042625 0.050891
0 0.627167 0.620766 0.069958 0.033031
0 0.600823 0.679766 0.057146 0.034500
0 0.265406 0.632359 0.055813 0.039469
0 0.379531 0.647094 0.041688 0.044719
0 0.590781 0.593687 0.403688 0.070187
0 0.807323 0.718461 0.041188 0.075016
0 0.842792 0.713875 0.037458 0.044750
0 0.525010 0.571586 0.027187 0.024328
0 0.724260 0.601500 0.029354 0.035094
0 0.515625 0.589063 0.964583 0.437500
