0 0.365273 0.577414 0.031953 0.063270
0 0.397148 0.570741 0.032047 0.076768
0 0.456477 0.562053 0.032172 0.060380
0 0.484148 0.557129 0.028391 0.062167
0 0.519625 0.553726 0.031750 0.060304
0 0.529859 0.560418 0.028625 0.046768
0 0.576180 0.540970 0.021266 0.055779
0 0.589461 0.531084 0.031578 0.060570
0 0.257781 0.571768 0.030781 0.058669
0 0.224492 0.591426 0.024734 0.078441
0 0.554586 0.538479 0.030828 0.082738
0 0.333914 0.577053 0.025641 0.080114
0 0.645055 0.521255 0.021766 0.061901
0 0.491406 0.463878 0.982812 0.174905
